1343284432714517748,3119329560320673433
8772887338487707172,2273099149531432284
6277087161195868578,336948587896296594
70495561006208942,6031726358505562414
1598352017956437700,4442209764198973880
769997906201527119,5239870732633776347
8115660959397289065,266993766969828075
6111954324734432249,7680968219369819699
3039911116785027478,6916719186708121672
8029710903594775841,533503633206034731
3379462132566509458,1958504248125700327
8050672863425894554,9103064636235858370
7081769558811699090,5856322865304558784
2690001813774076942,4000961217877545504
877052750633272367,3881377715136091528
5311134213220608190,347995751922775287
6392208925292587681,3475107547702062247
98225905296827968,1706620008703646770
3023476269971115066,7924723569489754594
3701194840846397302,1092170416867208367
1536088762655915086,4368005212590414965
8115254800846635909,4001956447476691098
6175610006452387057,3209178471082723413
7939681795498934997,7042216630300601777
1939049080256571054,6624915182327501660
6686440911467759060,5266523882941938279
831630390895094138,185220225710398388
2295259952171459941,8263609803498017852
8811723404303969622,7863569850871985944
3389897277196414693,1260476039854585008
5838555357573878691,8264947681332129128
8904443920725499413,3969279319870195791
107446001335071452,7445963016115129331
6704206289384431251,1430757464798160418
5768551417670328351,8347872979439569374
5949591712111335303,4082842996093536515
5506650559974851677,8793561106246700936
8713384629325062072,2868225215279692563
6955068312073446606,7001834236676629952
5165588644383410257,4158748037366762359
1004765248656026066,6257493292915108924
3101456128496756516,5087509473278125926
724092481032281210,671811994874773241
1261101628813407203,4166069169314758108
9124802778076913121,4195003675134791594
5679449579097995825,4179599622554544208
3966842210523607282,4304281013299120515
5729698634666912796,9054506040394798105
2234862136662058431,3461620774380868396
818804873384938453,6472467278406809732
8799812570598142012,3674655549475803187
1507571039024682463,5525082845806495352
4054684199466858560,2059021299590720600
3378715411607135368,3325742770712019538
4476052961926806341,4783338690642141001
4435366633224317531,6408149370919049882
7129169556894590323,339066307995791697
7836793001479233103,2867626190570511521
1409656930956492954,8472614199424137463
4024128142495597732,6979772469774264732
9068067459225129105,1063950895230714475
7229868794012785852,8248014305724282591
5242050059464851759,7080093849464066662
5185538126523928664,1550854173765006417
8944919273405043517,6959131318902064739
5878259197316079049,9090186404215801748
7134607074923124971,1266297152140045821
3987524267642900744,7361619676255718355
1784210919753699998,1190511867666037713
1340437222981746152,4983911750620184137
2687043753956538302,128108681429511235
8127857032337678332,4191164054960550127
511598743550564323,6950492239531476075
6523617261653167825,5691457896199976934
7584000947578819910,3653389418070532280
4293961780057004813,1972648668855007537
5245776215744735053,3711421040163895320
2054248902100046227,1650844389761755199
8930980409993405829,2296703620445552913
1010279598893285030,3667498655347369379
1845264564034117783,1181727023120869997
3958801062057820812,111612292177107623
972792484509599696,1467362045742893789
7307212794485794602,7277610498358596337
942489393164918960,8191924571980326910
7574219089729270754,5156209679392086373
6550393378431186452,1938812565025835056
2797241445292473249,3043348508294143164
5252038383926919622,8229811796277317418
6643330659792158968,1877943455514038762
1859526824551103287,8532349760569461847
514559457690282448,6160499294482764824
3261486664086028722,4369297790203659569
8205804262246840669,1559104540416767855
2411492348424036400,2730181340516994038
4333134255547103193,8297629347046822757
282208719821265249,3172640303499539649
7358032983053398581,2036250629142571653
8144869271259282864,2593100020406489329
827184431775991729,754899428408229914
2554794985213104329,1779235960743345690
490373665684792423,3404302013882921761
4304142505025163115,7972894420763412291
8015733958956858807,6550377585134418552
3775138048740343271,8338286861419349916
690954177983361231,4810022647196208474
4118188214382882738,866055505424977159
6093318591549249618,2229391442740316961
3196929444491512933,2651774935315167710
1830723676166080363,5635497379901007564
6564061152287815551,8936071649439822481
6205844388510218423,7732075053872206244
4960778429792831635,3605834338779925935
1298811547589265604,6762718690281526859
6610675827020692232,2671730519746684147
1341877481401087784,3803135887428832658
4810877372438485846,522480933839963772
8187520633529088853,7120578244069544016
5281503712509738538,8984806129363349600
3790790546799196263,9117330984230540331
2266356470864920774,8296933023710204058
3901122931651560050,3571678065410138766
5381813548430569732,420090055428712176
1461299880721570889,5472291524998241236
2598534010332702344,4500256466895529432
7359399329249934446,2383047247804634063
635626165378648043,7959956511805333770
4850714234920698394,3613390590858640831
476627059274665442,6414815279159877291
753751885115725542,3918092517766951945
7851275418168008938,3149587371279241489
1519928384891382383,990965700554636820
8274207177391732731,1643267222151438276
5383965055675601785,2183461062484430438
1450051516015640781,736420403928945595
4690077213185699001,4687369145103567758
2116118471633110872,4478853857338660554
1701129536858111575,2335811184447462504
5199130517555135120,978022630334774941
1351835697056512198,6511686520006646955
508081438200504922,1079666697211023409
7579949958473948078,2230773085165548304
7161049246622295015,4912022065416416011
3742525689917645321,8904342560649309602
5689422104511122930,6814590543391102993
4682574898735859802,4650445630742286602
2784607637055778349,7353091769502980575
8719403137277351360,5153269680958933672
2204742554928800864,3392804885141576910
5472272084337814623,797754227124183969
3140217485593186841,7483149786567671560
4238668894099718546,275834150776853088
3763436826914587605,1004340407250381677
8343623048798024843,5922397163702517274
4801935526676791646,3215140846772532215
801854214788449253,4524974876818933573
369675574184958278,3534223690675995588
6877782659790906957,6122523785014673319
9094593966423081677,7042807922454780518
9062380707115609329,5813830335056103510
5285671984373636304,281755416005144237
1483234295837354964,1966717383840658841
4959551682168506631,6145002932767336116
5782688942061610597,2590917662874782508
4183806343204517119,3212705506345794078
5675951638992887230,1724436591910279052
3362117711738918743,2753182280701796860
1382164291841182043,6357568182972147230
5047506847845436573,8143551256766299372
5703959829654744252,8314912874272477846
2341030972750840123,7950595382773895542
8240606435022055925,6482849408407722447
2685076945688428882,5505224375200548928
4021481371274847092,6944600122942606379
2227895200442220065,9165268295641241207
5687308935209039280,7622559909157269526
8170103110988172749,7760451275432762027
5057592364808580467,5917105059509464928
7074913445782163212,8883400197325132682
4277117792719568952,5164445833662256242
6277819878011323683,7894231352377700471
3692549445148397987,2324437389184566071
5632077414627648961,8296239232009533303
3116410341857782877,3639544128443946906
2281275528730002957,1130345643908083938
4130730639963932727,2083815232048493851
2811452957888014893,2687945924026231735
6612666924913523238,1493105529767871365
2353311026145170744,6232573643623884758
461785254834704550,807922081015926158
3552965997744277816,1390835926444242979
1601560776575906322,5329656762624295214
1088025272809598839,1477427652243234612
634077200512715915,6053907758390570938
6569016718551916301,3794019470468007130
1337559774968144120,8071484582487419652
1184800001627357921,2600451421284598259
6767169539488399377,2320517813450446289
5527980184916553334,279628338869997713
8128327196206304103,8865794854622521157
4859688413708525745,4582621207963115038
8664161332850615521,1479226953947896843
5086401072538971304,829384974835524090
6987094885050548070,3598698139160161618
1508283586624046961,3535503525210680649
7296051246017028705,5403519363042720863
7114015792378399506,3833148118489415131
8068497909973744685,8201477163606739207
631874804300385256,7199135223751293871
9174281069431576422,7416003114635881232
4385924654354412751,6110407053536891208
630664496795726968,35725533513118172
7670463801892751174,4090400051131877543
5726175896487052060,6433020085168519911
8622013278175802322,4617242144523248812
3417347528271529451,2131472276858265666
4352976770369997081,4896057693619414518
652328888060894313,2950743407168394569
7321072478262535637,5392503912804842702
8989643470264738311,6582105748260192176
4031461659128452698,470453630802592507
7055967789667069015,3004860502592078002
6951254491620699247,7525511544806143721
2552453518376569931,7114926186706033351
5877927435756323051,2239672640542138261
4370342701399323116,7874895452794629856
8711015667077552668,1331057686065505031
4005336900297292221,4606855325443337790
2387664708804817709,3734305982670186922
2728191496703222576,7687558315903353463
6242575737024469658,397084846714450069
5656512933203065195,3779069449020517766
2860885862787744820,6530157136544259050
3956606897864142222,5850859161396918847
9215353429999051607,6600530907625168347
6797518054852684878,7050861042812385763
8370324652627897888,5384144569310171689
8486220070404713158,6285703895675173381
6190436738159138679,6657866744875467403
5032091949539314993,7975064294795827935
2514758890109129930,3829838215142133110
2188959894383054897,7045547666993302763
1767589662467384464,5074793613741013281
5734755254972461341,2402983151826175923
126386412552888097,7280912917256128791
2235963946568926733,6161891075809859672
7284566410619826593,2557181133185017575
1340911749962329241,8593127892711217421
1342001996762989634,6211312851506927027
655923524193280312,1616665255240745446
3037310561092294663,1564270494735909604
1136760299330363252,6870095408555574783
850075409376055660,4152972353351229026
5881102864031666636,1390467852886074902
4880647441738806813,2047389969068078135
2791264402718628148,3098233242024084789
6974682699317562432,5450750777864812112
3240543864296336981,8411874128663488184
3246713226687359126,1224959860597242599
4247549707419075616,9001173558930634337
5559488085399922481,3054259083222822832
8384264602088106897,1236916043214895563
4793797122352491816,804028300324597814
2410340620488731440,4328791465702747309
8415937200365596900,785242871496611628
2615938995148528815,5305199270995855804
1698934603917540647,2311369302461780002
3139819233448519274,8211198679991214061
4673678370867410238,3302936221833129383
1343127319860193345,6915971389977193371
161568557120918561,1643306471952730985
3262329009929442126,7292341473094604771
11458753147454171,4555170862443013287
5212291721976135754,4267102480847787467
5914060932032208248,785199963206832729
7447749008482024568,1971585715090785477
28332362734576015,5204662355877503832
3531883197067405547,7834615706546614823
4177428710150949396,5569352113487865929
8480474949805977291,1448339959552839448
6812950836371637152,9061328896294843988
5345076371970177450,5740281918366928395
5723707293553789235,3920158676436102453
4307139295277239047,6569928227824997645
5923663955426687119,1188214422200880307
6407782496382789578,2411426730200884481
6797594342583894903,8193195805196374149
2729659218916563929,667499916020167765
4997216936053765568,2713745870935065040
1686712178751887792,2430642111488795280
303876908382566428,1906812862806062727
2341802323582942759,3325568712740431385
5643418961098100431,6342171275128967510
107212560797226037,6277814933983685671
685180216288516235,2856703938875230705
2845897351040176583,1022512006427827999
5897219011464430706,3576923811203097994
5235393894472575288,6284683618602683001
7497108860644227127,7555658679813096231
2440601398064754681,5531933857653343114
3326930118415467037,7227507643158298187
3943756240769369549,5393328439325233876
4234413228682988706,256251332061110494
8904759628923944381,8208062944758920503
1644342315418653698,4575866776849850645
8246179819477257893,3346813597775452530
2744783515988454963,3682296468329079840
4464017546790609871,6153234833196283650
2184900560268977326,4100112309921801643
6925832962840275551,5165595753343797019
3279212546236116844,3197859966444984401
7598352685602780772,3699740605527029195
2028454941751339316,6418474078773057711
1529176619234103944,4310684776533168196
6340019835359482870,6395359660562641145
2545590938889448486,8123030441497848177
2563947552195106184,7957123038639733068
955843207260390229,3823929799799688430
8938906658277436105,8099540290102281258
4304452811479160804,6338801333818723781
9118371859893282632,7946080275089434068
4315868481373380623,8177879033015954458
6298283645756819199,992716774713759393
3821495008691332487,6668965740997989704
7667112031220575142,1033486409765389289
8149812318949386512,1639112944381993700
2394750205370389314,1377788242729256476
7323155395927918056,3016113935783822844
867777122612985139,2878703212295690718
6918957272630664122,8547166968912054645
7802477395407623378,6791764563707151906
7335025112633723053,7049885460995706223
1810758546826971642,4359931308977519992
8808986443959977277,2231028263884213830
2863134406749357661,5190836172471503291
3449558313199607955,5609293906639924949
393002395822472222,9163470296210067836
2397280925099761272,7035087655733658991
1010436421511617247,8418942217735079837
6079756306365864323,4018496435939919936
82903479722250246,6789806965706797742
2494092145678197544,258459191916838350
7023254240963700744,2184168451391691642
7983440521669182399,1035798061214225423
2093148106778776288,3575073052125070363
3898465860214412583,3771545675484213636
4831890766773417257,2536582820395336787
2063168581606931462,5913296328254685426
3544437719845289869,690300625855066041
5310612564050231695,6988037670921764486
2681786916148263344,4614755761493388034
4464238634376110131,1920359686456541597
8949167289172383888,432367347347812154
3479677659955473552,6360254143118348735
7718777473143981343,6541569381570143837
8336291479576406308,4956009705407446281
8816208906357288483,3531863862449454993
3392656724291766852,7842805311962093085
3940336590815026349,6188191172245163788
3881526813794874862,268595307612308285
9149335484957677407,6121595673524953793
4748880551891371565,744901378596681302
3272807664414383488,2304175634924333020
2695923416605413212,7199703090893859909
4888321771142407066,7796200136781609866
8890619631914956600,4907458306328341800
5582463799848920944,6800046259749168686
6502150609236720720,5020020174142299754
3464914813781732253,4031543559479610636
7209913226090576187,5762208473680143414
8613347861819746631,7674434580912012921
8264089742481101222,4496407711471602770
2416987750459709121,7838339381174901582
1069313961079721065,6109717828086863394
5656513427917563546,4240095415350517440
6366245088887334940,5174798553061683228
3651903373790038721,5573121011513862769
7103741551936943326,3379681227759143805
6531432345859266220,8308638856066168294
1134323616274420950,5819309127380910282
8436798376514828764,4252730900405423114
8966822370560372268,6558195257794869688
2529474254363931076,8356570558299739992
566601498496656294,5715720352212283183
1264159531989330470,5486218275555149113
7148181395851808138,3504198583358628557
1751233513707956468,9137255494927431153
8829511100558409804,8940755715998742971
5654712448097819863,3088692535649068672
8535393823832933584,5791063126910992074
3130939491277800255,3078289589447401873
1139913199885922647,8675620155759796019
6062391837053102046,4419517687091669228
1826619979288789809,7929473189018418750
5878474319852956359,5845786812656915836
4713337224511664522,7556548638159643523
1030033964942987611,8019035525464752344
6396766160155391259,6596451593102921773
7710311701397821308,2836319523685987181
5853087616045589047,2826526476255827116
2365716315321210421,3718600145299490912
3487321353032419210,6455722048999759316
4752921634932335888,69769292292123819
2807125584879800079,7010038469925038400
2233667062956856868,2186542420301398326
2568675516767913432,6759257477643641846
417546367091766448,6553812020204913894
2221472919158449419,4570882409242126737
3980406129228694930,247063261690282211
7061185836535533517,8474177839737411741
2372077288805247681,9148946334915874935
7628232081815768890,6869903945968542522
7890190149745806380,8484071132371533373
3028480623084852128,2475492144113177017
4147530784849515432,3242547687705482112
2736031417644874367,6160039031124313715
2839803896473572987,5616474801434978674
7118266573719357177,5314453433762366971
2417816512047531248,4237638585480545592
8639103892869860987,4699987265864347918
8794452499699716547,8109653236416158610
6646063758609955799,5170019869036157634
6810953769236717193,5078624062121130055
3932226425919057517,7031216644870717295
7995645289161294631,8492135526980460961
1070653724930131578,7603357003743049295
5563568191244696216,378628311760969423
5490704776999304170,3103123297835607655
1307334984929739164,5675315501915264523
6269172027153766725,286034207008862304
3086809514355793122,7867966142621397616
7827083808782365914,5603964629447964429
7109720021639496440,6874434195566400041
4801752292170118781,7875907188003763886
913947374648875283,5198679195385900256
2985405184343348886,1348304447613815654
8185693021599473555,3989510982471259936
7500753875639597154,4842195601194821198
4865777967635388078,4664247052759656041
1575530837708565969,3439209465397244942
3971371166304241259,1109967929294233826
9202720838271725725,3965413892754879770
339800726208548079,4222526286382474409
455529689010544420,340821813900963174
898697933584480363,5441856001186881929
1832860742221179991,3207477223027438101
4431793510919300047,3707716324089676618
7069701228334081513,8125487769191134866
7879189904254443017,2500769657896413701
1152283741022410454,9090298497718640976
373601633921267251,6663252182449056920
7559438708918508857,8656379015154171366
1837872630814912002,2341596924243330964
2801667634849796123,4482890509107982837
4445142161770109487,334784351471185626
1454824674735061414,8993162005932024207
4694509932939559782,7880405088701438380
8861885488526646815,6343758480381991616
5221569741518431619,3853325418647365893
709628140741218180,7715037371719652760
4988955246140560688,2713271681034358194
281702522977034659,6900770067735075192
1299929929524916617,7783881720340481599
1536393092611516055,3066722979966606298
197385701760250999,8525638865491187053
3164678192980071943,3259712213107751798
2545132663879231964,6556969770039829866
1082653293008273952,2356116157765217479
2909579049987915852,5161551699179545707
1670446601468247894,7134394289470668655
5070078652257475,3711541470608378807
1549850973121145341,4085741349818691391
1325570528446067467,5869080038531389754
2576473751001729439,1232907263307433017
6050040183872119541,655675709287216849
4236818645249364978,6238952081582564402
42111089680776246,5173858230457000542
6660205892755203008,8886078524087921148
9047308133472039091,5080387486824226319
3213404666796279570,3156421260449611164
3517022989865982505,507922201752593228
6600640057354419864,5544763399990038015
1163525815346387192,1421132366788206347
5129286446718972130,3853655522923778838
2097994937420746030,9167934027177652060
8476341028793435218,3463416512707717968
1169626402976284307,3484130697901719535
349330214032148113,8049365132775921939
7285940173117782159,4846228554937009902
7578804666751003482,7621159169915640851
194995982152399538,7774451617727223933
8803509408421743048,4208911904933401965
7473414471134051672,9020088611648496365
4110157926167189284,7621418487110379267
2052890311361603626,3869112089226997488
5064432663382466081,1742179843217113990
3326565946680561395,4166901294285143088
4823709977057766751,7562423844233061576
5983647641950116957,7534758252221498570
2678565681389601200,3427252405107756258
1702383436856168788,6715891498120075650
3378524499231143537,6331798803183265572
5711796891037217313,7408357214426342073
8601489577059882650,4502901279852388120
611338531096591809,3680013208977688620
9097542139772875127,6135856918669819088
4950800606683142758,7125741542968111232
1619510259072508796,4900317880414947319
8429115873751074385,4865216142253868667
6139244708872420655,2033167356748879576
7104140218144628088,4510916235988269356
7632852619907860814,5730771778425165402
3906235995924673549,6698421409826339036
5888661816926520425,8449095928186361907
5937206587680634994,1349310030695089342
6280726892125936575,2436736966950324936
1636119236513988288,1267412696190121594
7435995292867223708,5506324372039321567
4097888645970583517,5483295598446808157
3818313480438395567,6083252795353437279
7782470057822834,108386227606901457
4965426038082858257,2679776822811769548
4938136276405396713,3211568348468388569
7118064541908456642,1427854989731125632
4131496781055543672,3712535033061113070
5838518136958312293,5700395566159400921
5527103308843227355,6916151371109723808
3678541405494740915,2048360306128886408
6424203360592207990,8182521656253947040
9116072248777252227,3480256820114700691
2471553370052488414,3722992337563286520
8049739517462741835,5282533927233944293
5045945709053106598,2685942125332092271
7265838958454668407,6895161462026804897
5580746605235153857,4523160481983961127
109155206310087585,6811730619167627027
1293409681859602352,7668141187010969903
8513897081792772954,4174103196852245577
7157188337580812498,1431314694099960190
2185216905573770186,4979833049905016783
1156611761223449031,3944298500486438003
5194635041782734090,1592622882843330900
4094515514538677454,1740229375281780643
2053065571829605905,1727231324787005837
3102603305621641113,6237769670267667807
2462907312123009425,8749346176622134068
1376729296730740687,5192091765226711566
3605242562550795687,6963532135886036190
1056411477519266683,3286204563936488952
3904052379828132783,6379848019183235446
8426031729053292774,3493079870337773576
9205242330940701912,8654500330012394658
289956540865173561,336625963858817018
6935387016506838110,8756131499212917946
3070912054117968361,1943993093746438192
3037355309731425021,172220210611504969
1611377415901775848,297183448467996908
3233169923754011271,8013102712085516422
3693822719828619954,6228059054149937082
6711707920004158607,6841150032901883495
4080381292882402433,6262952817558919114
6659285093058457161,7469817429157709687
7482354527302659614,37294123404609066
7305180753196389237,2445317808672615416
3782274025091925480,5987576811431156519
5729318602958743165,6121441710053837295
8801927018792208042,4066917577157161674
4350616363851589872,5178339839224453230
356526720552411092,869324856968094008
8267500158940050506,2063834044767849493
8791008996706160502,6706053408746510891
656402049696928331,3306464005032297081
6402214789874438400,1412204149497565673
2042086163546119092,8620068358036497046
9039274246784138268,345545568973512393
8429559779931920203,7942247582768427392
7209033938829010946,6251680321522322280
2300831705266567689,908728818775398575
2337259060392452498,5023683879238330262
6140114099898596190,4416523712749812930
898871576294083237,872955068013482756
2863379979004801361,491549411234152897
106148536114235383,4061775042429290122
2776947978393262499,3922832840140933320
1298051867729108675,5406181095480851781
2168414303919211057,4530663999109009458
3348332217204343802,5848616019744493352
1998312634808395012,5093890413119041796
7534244529423794011,5320797218508373574
7621989526646847695,4694251353300892513
5767255438717062775,6321628427817256906
7307589325679778477,231238307744247516
4191347612479205826,7150996492861949449
3234715475492005318,8211353211328971415
6684246877041843543,7840948514186467663
615309830874577414,3862574632934934023
2785779770185934494,4868917533792621049
1147957840456882256,4819447711606764895
378903327874305624,302872390827497289
3633769385891982856,6906954973202547042
5238037160462180795,1208508374254879255
3940024155532648168,58856695915042049
2405908396702610861,658083906329746519
203915258040460650,5098111161562851683
9164301114159425505,9134977178266204260
3363834620438288063,4344187874460943923
2797560936545285105,2789900678767935470
8558763659911614153,8856145514946482312
199783093600724719,2056016077163548445
7088404010656846767,2484583979348531137
2415160828771253136,4635260412989575850
1753802816833952453,3783564550157927193
6402587645065061251,801749674555958962
4430091913200985973,3315294847992301579
1222585445287025709,5843111428077126968
7492395962614284899,8643454618983289603
3391496855996352057,6794102925286677881
1838563997908898397,624386787620480570
765337618008176964,8779308461514005055
3773178271321269863,4117602834653464840
5163833825386859184,8299098722617642786
1165482041298619372,1355886171728747101
1471864940624571832,2658605921475026814
6803691963504646574,2447000533880569937
8111827855997145314,268367662632048092
600819477548631246,3472193124532093002
260715651054265279,6329686781235475126
2684749556586356946,771179000128057994
2578948828961991785,9017140804438560983
1099982858192370077,3672873351135006797
395196429126512957,2576173518638299021
3782398628516474753,3457103553911748647
1028916801108892282,1304627349091396889
8436175444607452325,2560059302150063988
8261302413322873747,6313749404145600172
3423399274497908506,8826892653123549503
6404864161400451041,8867719156927541802
6793349573783175856,6968536729062987463
8655505176398538022,2843899306808133459
7732623199303182110,1634411021639815999
4768187055617154481,5969551475133162727
815396087284120325,2045903511996857426
3567494415532372183,2627132075722919540
4851881529628509670,4265306080890367250
7167090947999432663,2693992652688389027
3159995836074131388,2995673050313817073
2120656727406424832,531749680916175533
5063079537866586541,473729814112053742
7217400752934951992,8964665607332417565
1375997906253002703,2188558081630653129
